GS_Pred/gs_pred_raster.txt
ncols         123
nrows         87
xllcorner     318375.2991
yllcorner     664097.3251
cellsize      150
NODATA_value  -9999
[rows 0 to 31 of 87, columns 0 to 72 of 123]
0 0 0 0.1269338 0.2859008 0.05631518 0.08943133 0.004919631 0 0.03470752 0.3062398 0.353062 0.2316509 0.2651325 0.4205337 0.4050183 0.2024599 0.114027 0 0 0.338877 0.9125694 0.8955239 0.8285384 0.09877881 0 0 0 0.1815464 0.05926408 0 0 0.1135684 0.3686536 0.2387433 0.3047025 0.1084196 0.1256754 0.08423165 0.2341925 0.2152245 0.1974097 0.154552 0.002367958 0 0.003595398 0.01568446 0.0694671 0.1434759 0.03154999 0 0.009697189 0.05403936 0.7017093 0.3101882 0 0.4933599 0.5778616 0.1962012 0.3824094 0.6271723 0.05116428 0 0 0 0 0 0 0 0 0 0 0
0 0 0 0.5404615 0.8414224 0.2334839 0.007269115 0.08362322 0.08684739 0.1389693 0.2004066 0.09963983 0.1056915 0.8777891 0.9328072 0.9269278 0.8398998 0.9026763 0.7047371 0.6764358 0.9203507 0.9273099 0.3606391 0.2908156 0.5961097 0.1026282 0.3196783 0.1851247 0.05283985 0 0 0.001000258 0.163381 0.4793508 0.4462334 0.7145817 0.494542 0.4274551 0.2024924 0.5592534 0.4864523 0.5657458 0.4867656 0.3846799 0.5443441 0.5371643 0.5959607 0.5178319 0.3753347 0.2749051 0.2752644 0.2513003 0.1045775 0 0 0.01082738 0.4945921 0.6593497 0.3283036 0.7380689 0.2383144 0 0 0 0 0 0 0 0 0 0 0 0
0 0 0 0.7124915 0.8012955 0.7161233 0.1949045 0 0 0 0 0 0 0.8103755 1 0.9480524 0.9678187 0.7627032 0.3306803 0.4769514 0.9811522 0.9837232 0.09101512 0.2479448 0.4208455 0.6300635 0.04988184 0 0 0.1192713 0.2998444 0.3794185 0.3828355 0.4062324 0.4217215 0.3871861 0.5903024 0.6030583 0.5142788 0.9565402 0.7899472 0.5647466 0.5318604 0.6400105 0.7061322 0.5298166 0.4857408 0.5783825 0.5779378 0.5640276 0.5085371 0.3736692 0.2721201 0.1289103 0.01390194 0.001289269 0.1272711 0.3440169 0.4292428 0.2625269 0.7163696 0.4662487 0.4026691 0.004160831 0 0 0 0 0 0 0 0 0
0 0.003637032 0.2286753 0.6151401 0.5730504 0.4296654 0.4806369 0.01993532 0 0 0 0 0 0.6690404 1 0.8727511 1 1 0.9919823 1 0.9645993 0.7884812 0.3854168 0.2091699 0.3543906 0.5023613 0.2650482 0.427821 0.4568831 0.5066402 0.403457 0.3448288 0.3668041 0.2786997 0.09149781 0.2362536 0.5690652 0.6145015 0.557132 0.8153256 0.6441458 0.7450448 0.5546042 0.6758848 0.6648069 0.4777558 0.4139805 0.3084547 0.2759261 0.4479478 0.4861919 0.3368944 0.4343622 0.3256935 0.1594362 0.09374905 0.02823837 0.1546172 0.2722724 0.1538614 0.0270879 0.4737536 0.3044268 0.477117 0.09747878 0 0 0 0 0 0 0 0
0.3175588 0.3812325 0.5932737 0.6396742 0.4958094 0.443938 0.07057047 0.08043484 0.1788926 0 0 0 0 0.4900492 1 0.9815064 1 1 1 0.729035 0.6105655 0.4463987 0.3169959 0.316208 0.5666 0.4708509 0.5546387 0.6324931 0.5093269 0.4320575 0.5165429 0.5867692 0.5837283 0.6888378 0.6861365 0.6357883 0.6938061 0.6122066 0.6277597 0.3712971 0.7139686 0.550582 0.4883197 0.3583405 0.5901971 0.6470777 0.4391834 0.6931804 0.71575 0.6100183 0.4245059 0.4309963 0.3695886 0.2103694 0.3606913 0.4725674 0.3014151 0.4544484 0.1105697 0.09874237 0.05052453 0 0 0.003365094 0.02420007 0 0 0 0 0 0 0 0
0.2253555 0.3372182 0.5810381 0.6670511 0.6220982 0.6784139 0.3723724 0.7208468 0.816663 0.213392 0 0 0 0.01855035 0.4018632 0.838504 1 0.8929815 0.725747 0.4501566 0.3963654 0.4657833 0.3519574 0.08392891 0.249969 0.4579975 0.5928655 0.2960321 0.3316664 0.5141522 0.6592126 0.6772953 0.679473 0.7321297 0.7606665 0.3619754 0.5845013 0.6127145 0.7521628 0.5808327 0.5549423 0.4426491 0.4757439 0.5908771 0.7951468 0.8633321 0.6460614 0.3551374 0.4838907 0.566456 0.4540462 0.2223798 0.2770991 0.6953312 0.4269302 0.2459852 0.2091387 0.3341228 0.06532253 0.1367801 0.06550866 0.012278 0 0 0 0 0 0 0 0 0 0 0
0.6024141 0.6747796 0.5576946 0.6459062 0.8221816 0.892876 0.9802998 1 1 0.9729248 0.3922547 0.3319529 0.6902131 0.5057142 0.000674338 0.3906965 0.5716259 0.6266975 0.5609685 0.3967702 0.5335695 0.3040184 0.4833565 0.1540972 0.2583847 0.4508834 0.416304 0.3259076 0.4632857 0.5353593 0.5395577 0.5851206 0.5338391 0.2099519 0.2168587 0.4080049 0.6676361 0.5789993 0.7468157 0.569826 0.5585479 0.3017289 0.3722386 0.4877612 0.544637 0.5037853 0.5439689 0.5043949 0.6449608 0.4436642 0.4133796 0.2001877 0.02470788 0.3360021 0.1784106 0.09961712 0.2157074 0.3290266 0.1438848 0.3981423 0.3197635 0.006475257 0 0.1002753 0.01285518 0 0 0 0 0 0 0 0
0.4857363 0.6441201 0.696444 0.7352384 0.977105 1 0.992611 1 1 1 1 0.8183832 0.9081025 0.8010029 0.2604147 0.6145986 0.6271077 0.6636195 0.6196229 0.6805272 0.4596168 0.6192896 0.2244589 0.0432451 0.2950677 0.6140635 0.8421977 0.378065 0.4799111 0.3521454 0.08156092 0.4938774 0.4377314 0.1775538 0.1383377 0.3268663 0.6841752 0.4956999 0.665811 0.4839167 0.5129855 0.156865 0.3864912 0.7105302 0.7827392 0.4684176 0.6669293 0.4103706 0.5522898 0.5669138 0.3525378 0.1047443 0.3642618 0.0733657 0.1109359 0.03993289 0.1343687 0.2765678 0.4337967 0.7750044 0.896446 0.4513602 0.1392932 0.1021241 0.180843 0.04586214 0.001548919 0 0 0 0 0 0
0.4685652 0.7168695 0.6816035 0.5701168 0.752464 1 0.9974564 1 1 1 0.9616659 0.6279772 0.7793622 0.9215457 0.5895411 0.6626328 0.5267465 0.6642246 0.6227579 0.5802785 0.4717049 0.2745056 0.4734614 0.6348385 0.3194286 0.3812325 0.6622599 0.3901625 0.4214153 0.528172 0.1780659 0.0108563 0.01007283 0.1992475 0.3216526 0.4297031 0.7024225 0.6345264 0.8246652 0.504591 0.7778519 0.8657337 0.2882385 0.8935544 0.8947678 0.6785195 0.5852693 0.03897111 0.40957 0.5236338 0.1148337 0.0541185 0.04315915 0.2577772 0.1802412 0.0001619089 0.2190465 0.04084781 0.2475439 0.8741277 0.9277542 0.8041853 0.8001878 0.7845946 0.7765337 0.6048748 0.6412476 0.1501289 0 0 0 0 0
0.519007 0.5242354 0.6099765 0.7994823 0.966162 1 1 1 1 0.9548682 0.4764356 0.2391995 0.694621 0.6148513 0.6116717 0.6445629 0.5767167 0.65008 0.7112606 0.6640967 0.2870409 0.2470399 0.2435191 0.8336318 0.780068 0.3909688 0.5093521 0.47422 0.4083411 0.1575156 0.000954776 0.00145195 0.82073 0.8952307 0.7626399 0.7700394 0.8055459 0.7587981 0.7074021 0.4922876 0.8246558 0.7739111 0.4810159 0.7491365 0.5438613 0.7576574 0.8111447 0.6273341 0.97351 0.8870034 0.5961983 0.3379865 0.4569006 0.9116198 0.5884225 0.2544064 0.1010941 0.179566 0.1315751 0.3215546 0.4836538 0.4034744 0.4232185 0.4541234 0.4901316 0.5019894 0.8213799 0.7539467 0.1472707 0 0 0 0
0.4052414 0.6088935 0.7634949 0.999923 1 1 0.845983 0.7442167 0.8447138 0.7698487 0.7582357 0.5751532 0.6569949 0.6565641 0.2450697 0.4610642 0.5552153 0.5234667 0.5760213 0.5077842 0.1457412 0.5770051 0.7965873 0.3096374 0.4266373 0.4796968 0.4467021 0.6097476 0.5364868 0.3049084 0.5379791 0.05524375 0.216567 0.259107 0.1475141 0.1770069 0.5652537 0.8645684 0.950833 0.6614499 0.7360821 0.579649 0.2123094 0.4680337 0.5874827 0.7246415 0.7919477 0.5857309 0.6153982 0.2462925 0.4407528 0.8443049 0.7061778 0.6521487 0.2527659 0.2151747 0.08076107 0.1612673 0.2288049 0.1984526 0.4896392 0.4394977 0.3895027 0.3402883 0.5103926 0.5663853 0.6231953 0.4048699 0.1012852 0.2754824 0.06740363 0 0
0.7535319 0.9905298 1 1 1 1 0.9850376 0.9628811 0.881718 0.5925942 0.4410087 0.7690938 0.7376747 0.6029065 0.2812619 0.4412429 0.4140979 0.6368379 0.6997011 0.5269396 0.5873368 0.6962475 0.7051939 0.7462772 0.6209238 0.7169958 0.693429 0.6290789 0.6952808 0.489601 0.6247691 0.4175016 0.5220203 0.719441 0.8354736 0.3006311 0.8732214 0.8071342 0.8586248 0.7771981 0.9255663 0.9152808 0.8263717 0.6559084 0.6645963 0.7677777 0.262302 0.003421128 0.1089638 0.3999392 0.06116627 0.2402669 0.5365102 0.4472722 0.3383863 0.134475 0.2593141 0.3097784 0.3082472 0.327698 0.5538786 0.4509365 0.3871864 0.3575289 0.439074 0.5613898 0.6873789 0.3839573 0.9066153 0.9167094 0.8265395 0.2732725 0
0.6957984 0.9613021 1 1 1 0.9523937 0.8218524 0.8213453 0.7212217 0.9086914 0.4241073 0.9804201 0.9775059 0.9551747 0.7248083 0.5542196 0.6258641 0.5426502 0.6530754 0.7097089 0.6716771 0.7448712 0.7956199 0.6987972 0.3763813 0.6843884 0.6419697 0.6988775 0.724672 0.3818117 0.5428863 0.4861194 0.8359633 0.7799233 0.3448855 0.3027804 0.4389854 0.4520089 0.9905152 0.8111044 0.6318576 0.9137923 0.8631251 0.8032715 0.6157107 0.6761519 0.3381506 0.1032325 0.2772303 0.3031962 0.1035578 0.02481015 0.4227205 0.3769855 0.3226648 0.279113 0.3905632 0.3979309 0.3698539 0.752795 0.783228 0.3466702 0.6179666 0.3961693 0.6512671 0.6214729 0.7331678 0.6834882 1 0.9830391 0.9619501 0.8413715 0.5776027
0.7226644 0.4326768 0.5520363 0.5843023 0.7256675 0.6636593 0.6402746 0.7287821 0.6237285 0.9129437 0.8314248 0.6768954 0.8582783 0.8292927 0.5603676 0.2811666 0.3395332 0.6723535 0.6637558 0.6879929 0.6460232 0.6990169 0.7448177 0.7572492 0.7015945 0.5714154 0.3696081 0.8169573 0.4915802 0.0120582 0.06916956 0.02534902 0.6809989 0.9318056 0.640524 0.779414 0.5729093 0.7233199 0.9073747 0.9847961 0.6900062 0.7668432 0.766328 0.5845112 0.1472617 0.3720424 0.1314065 0.2642631 0.4753256 0.4528147 0.3845572 0.1692036 0.1752482 0.2134415 0.2520006 0.201732 0.4514226 0.3536745 0.8639896 0.2736263 0.4285734 0.3859459 0.3512173 0.4766904 0.487874 0.7345115 0.6446758 0.703739 1 1 1 0.880827 0.6885567
0.7575077 0.1924688 0.5777968 0.4185612 0.6314113 0.6549812 0.715968 0.6586045 0.6185067 0.63644 0.6499535 0.5461586 0.5161271 0.9338707 0.6835681 0.5176882 0.6109663 0.6073979 0.5152203 0.4301732 0.6278081 0.5275909 0.70606 0.7333322 0.7999226 0.651874 0.6575121 0.3626848 0.4705527 0.3771874 0 0.006657223 0.3013887 0.8044116 0.7532991 0.7474058 0.6956525 0.8745087 0.8852393 0.5697719 0.5240819 0.5897474 0.4442132 0.2528208 0.1273743 0.3565593 0.1223442 0.3210383 0.4184473 0.4478972 0.251415 0.2258128 0.3234172 0.1041216 0.1677323 0.1722061 0.1298342 0.2108684 0.6129873 0.3697389 0.01304653 0.6528767 0.4230923 0.4236092 0.4772511 0.5262154 0.613021 0.5591028 0.7682337 1 1 0.9455511 0.5927945
0.6423714 0.5196177 0.7379051 0.6520622 0.7562321 0.5615357 0.6523877 0.5709648 0.4615656 0.629635 0.7095671 0.6978093 0.8713971 0.9907233 0.7857513 0.6638817 0.5777147 0.6630803 0.7470039 0.6979868 0.6783648 0.5476202 0.4835904 0.5662848 0.5254891 0.6186367 0.6903077 0.4198469 0.3353561 0.5955855 0.6235997 0.6191325 0.5356718 0.6654168 0.4348906 0.05818873 0.05126989 0.3999669 0.9255716 0.8377585 0.6816899 0.5235374 0.2179234 0.1163858 0.1615992 0.2184106 0.518316 0.3985648 0.3029236 0.4846047 0.05614232 0.1077302 0.3422256 0.2466409 0.1513985 0.2192297 0.3130888 0.1474534 0.1549006 0.1676654 0.0841698 0.9392099 0.3505743 0.07348483 0.4824869 0.4083535 0.4043151 0.540664 0.5775446 0.7153875 1 0.9172521 0.6214181
0.1443059 0.3836625 0.7276014 0.6353368 0.62961 0.3069178 0.4557902 0.635875 0.6741588 0.8050697 0.6222022 0.6914763 0.8070809 0.9624008 0.9455974 0.6160413 0.6217394 0.6800247 0.653248 0.6607205 0.6818761 0.7055225 0.7007164 0.4380525 0.4962414 0.5727913 0.5730149 0.0162155 0.1032261 0.629998 0.5121035 0.1873063 0.2406293 0.7514994 0.1455969 0.1058758 0.4127006 0.3344753 0.4188155 0.3206389 0.4405546 0.3358016 0.2372572 0.1568964 0.1604879 0.2104382 0.2617762 0.4355501 0.4318379 0.2560692 0.1129718 0.3228408 0.1533311 0.3044808 0.3304375 0.3757319 0.5336146 0.1956143 0.2231827 0.03210538 0.045195 0.7771245 0.721566 0.362424 0.4183643 0.4374582 0.2274956 0.3094324 0.2998968 0.618184 0.5653053 0.522456 0.6542422
0.7209855 0.5785797 0.5158189 0.4681243 0.7434634 0.8097547 0.792362 0.6875562 0.8537776 0.8629016 0.6337533 0.5000586 0.8365126 0.9792238 0.9917869 0.7161381 0.5145646 0.5470124 0.6823336 0.6632978 0.650763 0.7460043 0.6690547 0.6702328 0.4799264 0.2943984 0.4407203 0.03003947 0.168277 0.5817865 0.5731589 0.4693232 0.6479461 0.5743908 0.5036744 0.1989614 0.2271384 0.4502122 0.2811683 0.2023313 0.3410351 0.3974967 0.2842641 0.4402528 0.2850032 0.2908835 0.3280866 0.3726768 0.3441293 0.2202561 0.2835347 0.1537567 0.2846336 0.3933294 0.4510152 0.46149 0.3061997 0.3079899 0.3792068 0.001724591 0 0.1211074 0.1360165 0.4879939 0.6117713 0.5992563 0.3955935 0.4444675 0.640029 0.629572 0.6702703 0.6309854 0.6242537
0.6388491 0.5146795 0.5501969 0.5180095 0.8195816 0.902873 0.4809023 0.6246402 0.8614926 0.635462 0.6008869 0.6705185 0.6241547 1 0.9739164 0.9559965 0.8616549 0.9166993 0.6967912 0.5167026 0.6086776 0.6708833 0.7593431 0.7397567 0.8044224 0.6225511 0.4313738 0.2605773 0.5182323 0.5629667 0.6179796 0.6652911 0.6126684 0.6149855 0.5665364 0.1499681 0.2442423 0.4595963 0.3176782 0.5357427 0.4371451 0.4330988 0.3598782 0.4276905 0.294026 0.278273 0.3962145 0.5771211 0.2349553 0.1603004 0.04058672 0.07731828 0.5484985 0.6653234 0.6845114 0.5912303 0.3936202 0.1781107 0.132034 0.09477273 0.06207573 0.1154754 0.7373999 0.3701585 0.7548562 0.569427 0.1650735 0.4349111 0.4143486 0.4375863 0.5343219 0.6594888 0.6297998
0.5493469 0.4234205 0.3921047 0.5078482 0.631236 0.680523 0.642979 0.6393197 0.5430091 0.5169712 0.5242164 0.5718158 0.5605783 1 0.9849533 0.9731123 1 0.9786037 0.7972829 0.9325647 0.8876448 0.8475575 1 0.9404135 0.755641 0.6810175 0.6358939 0.7256313 0.5960091 0.7089151 0.6914623 0.4833713 0.3686438 0.255292 0.2394538 0.3242738 0.1569488 0.1857047 0.1898301 0.4838417 0.7946252 0.5142204 0.3396124 0.4663476 0.4875056 0.5020846 0.4001182 0.1980626 0.08635028 0.0141606 0 0.5748805 0.7598606 0.829199 0.8914334 0.5345073 0.463278 0.04965083 0.1802358 0.2525528 0.3321855 0.169302 0.1768326 0.1594627 0.1941404 0.02543037 0.196885 0.3622121 0.1633694 0.10149 0.3275133 0.4556721 0.2445585
0.4487293 0.3846817 0.3567842 0.5143135 0.5225732 0.5565937 0.6462111 0.5842921 0.4812138 0.639311 0.6192464 0.6545125 0.485109 0.75515 0.9800868 0.9562302 1 1 1 0.99971 1 0.9116748 0.5687847 0.4348729 0.6712298 0.7045116 0.6206223 0.5726006 0.6750001 0.6385735 0.6236267 0.6128312 0.5722183 0.303651 0.1351157 0.6386307 0.5810273 0.6606632 0.5561488 0.6234508 0.7330294 0.3296279 0.2442658 0.3632193 0.1312757 0.09724862 0.03893412 0.1570854 0.2497084 0.0005957108 0.06681038 0.366174 0.4809083 0.451506 0.4366109 0.3887279 0.2565809 0.3947452 0.4021117 0.7229579 0.9380169 0.8749216 0.6468239 0.5137807 0.471515 0.3477598 0.2322423 0.25761 0.2662546 0.2039111 0.5838508 0.7497963 0.5461019
0.2902102 0.265126 0.09052409 0.8031763 0.6808678 0.4810698 0.5872748 0.6578603 0.6266523 0.1117946 0.007475363 0.6755422 0.620542 0.874818 0.993912 0.9549474 0.9770673 1 1 0.9806746 1 0.7001089 0.4892753 0.8410679 0.9770501 0.5022411 0.3731207 0.6756946 0.6993091 0.7078294 0.6333643 0.6672424 0.6022948 0.6074314 0.3027152 0.5775596 0.5851293 0.4912815 0.3497681 0.4348983 0.4568346 0.2775958 0.2323567 0.08474461 0.007456824 0 0.01355146 0.2078267 0.1740896 0 0.002213463 0.02551674 0 0.3117255 0.3213043 0.1661159 0.1370227 0.7939332 0.9794243 1 0.9690042 0.8625277 0.9438621 0.9943053 0.8747548 0.5252616 0.4285947 0.371428 0.4230867 0.5982792 0.5408025 0.4759063 0.6696362
0.5896744 0.458516 0.3676446 0.630302 0.633112 0.577197 0.6835127 0.8853162 0.6384406 0.02122673 0.009467234 0.6714845 0.7925115 0.9332247 0.9447276 0.9605805 0.9565331 0.9627647 0.9687588 0.9446241 0.923834 0.6576973 0.3749045 0.8515932 0.7982688 0.5824808 0.5661601 0.5766379 0.5396221 0.4370555 0.6416245 0.5698602 0.6022434 0.4363503 0.6993632 0.6468336 0.3959992 0.1348332 0.3253801 0.3010413 0.238359 0.1742787 0.1964341 0.1251166 0.3347763 0.4330804 0.4660225 0.5549662 0.2106303 0 0.08796822 0.09595371 0.1119233 0.1262277 0.08257657 0.1406687 0.5354395 0.6842209 0.8997813 0.8946255 0.9310709 0.9883074 1 1 0.9982086 0.9480065 0.6740278 0.6185794 0.5074199 0.4073581 0.600775 0.4484412 0.629299
0.6706786 0.5714354 0.3828394 0.6303272 0.6794264 0.615494 0.7055824 0.8043528 0.5437518 0.375083 0.4245649 0.6256874 0.6651061 0.5167827 0.9799141 0.9074358 0.9166998 0.9415331 0.9224898 0.9411014 0.9237851 0.9575407 0.9403709 0.8019459 0.634997 0.6893358 0.7286109 0.5763174 0.3218187 0.52113 0.5883366 0.2416984 0.6749182 0.6635051 0.402986 0.5036121 0.5183803 0.2579473 0.3576484 0.1831737 0.195857 0.1027717 0.3174845 0.5416147 0.5926258 0.7634482 0.7837548 0.2690309 0.107283 0.1250775 0.008144705 0.05675569 0.1472579 0.03965225 0.1181684 0.3713349 0.8212321 0.9604443 1 0.9787784 1 1 1 1 1 0.9707311 0.6821071 0.6525484 0.7031575 0.6039134 0.6465701 0.592468 0.5621076
0.4688775 0.7150424 0.5508386 0.6236126 0.6484381 0.3451777 0.6207835 0.6635232 0.6736209 0.7194443 0.6470723 0.6246927 0.5617955 0.5746323 0.7106403 0.921569 0.9272659 0.8907803 0.9389906 0.9795737 1 0.9110133 0.8384783 0.5850118 0.5999376 0.6406135 0.5741853 0.5342211 0.4306522 0.4757454 0.2220929 0.7281452 0.6861812 0.3634153 0 0.2550347 0.4852307 0.4902646 0.3779644 0.2483532 0.2337834 0.1915648 0.1056422 0.3225006 0.3879921 0.3365242 0.4536219 0.02775494 0.05157742 0.03136936 0.01849411 0.01374828 0.07763872 0.1767867 0.5078341 0.91644 1 1 1 0.9986002 1 1 1 1 1 0.9647034 0.8071242 0.8380704 0.6970889 0.6046834 0.6596631 0.6187844 0.615885
0.5010194 0.526858 0.4954916 0.5872654 0.6582373 0.6061411 0.5978181 0.5713233 0.652189 0.6364244 0.6143594 0.7196136 0.634086 0.6679286 0.6023882 0.9160842 0.7184918 0.7619939 0.9834881 0.9783052 1 0.7983111 0.5400606 0.4278867 0.4753023 0.2836832 0.6135578 0.5116131 0.5301837 0.4035371 0.4821409 0.6055477 0.5828556 0.3636363 0 0.2657702 0.2722832 0.3442831 0.2344264 0.2239107 0.08840805 0.2027958 0.1828967 0.121919 0.1023394 0.1905921 0.1528246 0.232952 0.338504 0.01053932 0 0.03570574 0.1724069 0.3250092 0.6284978 1 1 1 1 0.9993333 1 1 1 1 0.9798532 0.9538103 1 1 0.5834565 0.5116144 0.5183336 0.4245425 0.4315261
0.8116888 0.3711176 0.7315665 0.6122452 0.6542703 0.6867602 0.6178767 0.6071849 0.5851632 0.6264247 0.6903353 0.6649982 0.6790827 0.6677887 0.4986914 0.1448042 0.2287963 0.6288654 1 1 0.8729283 0.7456474 0.6543931 0.4352612 0.254829 0.4785541 0.5818322 0.6504519 0.5920121 0.5560561 0.290104 0.4430475 0.4517498 0.4359932 0.3159139 0.0176565 0.04358647 0.06515899 0.08881071 0.06146716 0.1446989 0.1088768 0.0345697 0.1348239 0.05233587 0.02851816 0.094392 0.1928482 0.4450996 0.04772484 0.009348763 0.07422896 0.1751463 0.375075 0.9218985 1 1 1 1 1 0.9780307 0.9950584 1 1 0.9479874 1 1 1 0.8289747 0.2780948 0.3431047 0.3456134 0.5246502
0.6174746 0.7024384 0.6199401 0.7103508 0.5611523 0.6937897 0.586196 0.5045841 0.263898 0.2973905 0.5289821 0.571273 0.6333068 0.5713544 0.4972624 0.1042697 0.2471119 0.399213 0.835503 0.7909977 0.7958427 0.4031252 0.5083188 0.5106229 0.6863663 0.6391427 0.501985 0.6013681 0.6717914 0.4646304 0.3622032 0.1824481 0.4442041 0.3264666 0.1687471 0.13244 0.1234827 0.2453166 0.2983126 0.1401239 0.2686157 0.1053906 0.05285185 0.01016645 0.1915597 0.1179845 0.04953953 0.05465706 0.2159146 0.166295 0.1039861 0.09597885 0.03428281 0.2022473 0.8544208 0.9963673 1 1 1 1 0.9330791 0.9663986 1 1 0.8987999 1 1 1 0.6104129 0.446747 0.6254562 0.5865689 0.6399804
0.5824416 0.7020358 0.5163507 0.5640294 0.6126373 0.2118928 0.3787386 0.7072982 0.5653207 0.4791495 0.4894116 0.3438845 0.5331219 0.5305891 0.3360681 0.07938644 0.136 0.386085 0.7793514 0.5336532 0.544642 0.5496296 0.6333943 0.6656914 0.5945789 0.5279111 0.3145691 0.2200921 0.2563774 0.1476379 4.264685e-05 0 0.009552311 0.244466 0.199586 0.3526146 0.2668434 0.2881787 0.1230341 0.02402569 0.05109828 0.196389 0.08736481 0.1827425 0.2644957 0.3392119 0.07996905 0.166091 0.3302667 0.4641409 0.1928183 0.158096 0.3023894 0.1722942 0.3107205 0.8941298 0.9526297 0.9753823 0.9974874 0.9962593 0.9863403 0.9907253 1 1 0.9605498 0.9817715 0.9993004 0.9043456 0.6499984 0.7334552 0.8999053 0.9664056 0.9257535
0.4175328 0.7269492 0.7176711 0.9973218 0.465847 0.03154454 0.204588 0.516544 0.4910448 0.3424067 0.4574826 0.6356114 0.3087797 0.3948514 0.5220101 0.4955109 0.5699425 0.8585005 0.9270593 0.9368799 0.7573816 0.5433246 0.5808383 0.5340908 0.6416538 0.7708955 1 0.4550131 0.1171339 0 0 0 0.07879642 0.4631105 0.3889315 0.2489887 0.3360242 0.04921195 0.0186921 0.01830282 0.2157157 0.3455676 0.234211 0.1902101 0.3906441 0.7765997 0.9707373 0.9804687 0.9339625 0.8215248 0.6749992 0.2297982 0.247251 0.2067751 0.1213355 0.434793 0.6260023 0.7985581 0.9565488 0.9481756 1 1 1 0.9513734 0.9656616 0.9004006 0.6614728 0.6604369 0.4215759 0.8788945 1 0.9991108 0.9990179
0.7362336 0.4427829 0.7100344 0.9785103 0.7208806 0.4405771 0.4379924 0.6003914 0.6286151 0.8344833 0.7098165 0.5381687 0.6293039 0.7020707 0.6511354 0.6313639 0.7193217 0.999541 1 1 0.9530498 0.6669655 0.5768178 0.5602562 0.6456162 0.5732948 0.5750712 0.1734444 0.02461039 0.0006363953 0 0.03294848 0.2768173 0.3459822 0.4673489 0.5481089 0.1373986 0.1689349 0.1305383 0.2784793 0.6104079 0.3823372 0.2661616 0.3229555 0.9007258 0.8908268 0.8324801 0.6982474 0.8438448 0.9817295 0.9410515 0.7748879 0.1503908 0.09842495 0.2515692 0.1155928 0.03462917 0.09109858 0.798734 0.9623055 0.9491949 0.9569805 0.927247 0.9239326 0.936776 0.9644126 0.8527961 0.838333 0.1163016 0.402408 0.9212964 0.968125 0.9540554
0.703689 0.7142286 0.8520765 0.883132 0.6035933 0.3976124 0.526583 0.6937422 0.6547492 0.7164224 0.7244912 0.6273751 0.7016204 0.5191641 0.641225 0.8223941 0.9147955 1 0.9969825 0.9843068 0.9961777 0.6566707 0.5631118 0.2910657 0.4418683 0.6788772 0.1363261 0.0242962 0.003851125 0.06305454 0.3404894 0.5734807 0.3275176 0.3772452 0.3633808 0.2622286 0.2867061 0.3674189 0.3136747 0.4858918 0.3902692 0.5220255 0.5489751 0.6796089 0.6256582 0.6085694 0.5640178 0.2607605 0.429673 0.2309033 0.3813601 0.4241438 0.1179143 0.1814448 0.3722088 0.3094952 0.05785022 0 0.7370582 0.9138171 0.9184378 0.9299706 0.9670074 0.9996402 1 1 0.9998751 0.9271471 0.9808569 1 0.8651155 0.4290478 0.9632836
