GS_Pred/gs_pred_raster.txt
ncols         123
nrows         87
xllcorner     318375.2991
yllcorner     664097.3251
cellsize      150
NODATA_value  -9999
[rows 32 to 63 of 87, columns 0 to 72 of 123]
0.4269657 0.376588 0.5431789 0.3250351 0.4709178 0.6674389 0.5921556 0.5409046 0.6737565 0.5686572 0.6210927 0.6487891 0.5814596 0.7848768 0.728744 0.679933 0.7734511 1 0.9994121 1 0.9260769 0.6927816 0.4510822 0.6153642 0.441303 0.5335415 0.5124636 0.2719605 0.2403892 0.09299243 0.229877 0.3327181 0.5896237 0.8041378 0.3046461 0.3149738 0.461145 0.358142 0.5229315 0.5917328 0.3964292 0.2985438 0.5208789 0.6948206 0.2112804 0.3630941 0.4208368 0.3011658 0.432831 0.439042 0.4190303 0.5128199 0.2503627 0.2347312 0.4434171 0.4648629 0.317427 0.2120108 0.7808961 1 1 0.9918664 0.9768538 0.948522 0.9446153 0.9531289 0.9880667 0.9053503 0.8454708 1 0.9145606 0.7966084 0.9764994
0.2154578 0.3299612 0.3988744 0.3670524 0.4986886 0.4872307 0.5863653 0.5201976 0.6287739 0.5245021 0.6662235 0.6834629 0.683833 0.8735489 0.6728996 0.7178075 0.6260375 0.9533169 0.8148602 0.6121895 0.6523508 0.5870398 0.5803348 0.736993 0.9920257 0.5005586 0.3759437 0.09640075 0.02617399 0.06012575 0.1522805 0.2653666 0.4836329 0.2483012 0.4949634 0.7308569 0.4876938 0.621766 0.6476968 0.6560464 0.4515354 0.1960619 0.6433918 0.7058241 0.05246096 0.2992056 0.3822894 0.4326938 0.6332966 0.6378961 0.5639879 0.6191851 0.5934998 0.1332026 0.6023192 0.6223141 0.2355421 0.376425 0.3978967 0.7462825 0.7142783 0.8987061 0.8031268 0.9889271 1 0.9894785 0.9415169 0.87652 0.5552456 0.7226775 0.8858184 0.6574311 0.7297418
0.002128326 0.05668885 0.1951377 0.3552182 0.3798427 0.5258437 0.9911861 0.8123301 0.406896 0.472257 0.6477624 0.6640815 0.6236489 0.5805963 0.5966979 0.4441713 0.4285705 0.7275146 0.641792 0.6555166 0.7310176 0.591023 0.8109143 0.8940997 0.7351277 0.5898059 0.2817792 0.1035281 0.3763277 0.1958913 0.2136936 0.141762 0.4305407 0.6490579 0.7647436 0.6365194 0.7010224 0.6860524 0.568551 0.4648123 0.4519152 0.4866638 0.647413 0.6572487 0.4304404 0.2464266 0.3668832 0.2635719 0.6847956 0.6169173 0.6840163 0.6820282 0.621257 0.1982594 0.3427818 0.5505102 0.4762586 0.5338582 0.4895302 0.6283258 0.6387559 0.6286767 0.9702497 0.9850963 1 1 0.9998518 0.4939238 0.01515165 0.2430776 0.01818885 0.01981239 0
0 0 0 0 0.1079188 0.1863984 0.3935122 0.9733224 0.6279466 0.5248519 0.4905755 0.5586719 0.4359804 0.4469788 0.228669 0.3495559 0.3910215 0.4801216 0.5552475 0.4281112 0.5547579 0.6978632 0.7776541 0.6014208 0.5792207 0.7025267 0.3852576 0.6371487 0.6196575 0.2782686 0.1739616 0.2564911 0.3599403 0.6804556 0.8503209 0.5832614 0.6140931 0.5582196 0.4645816 0.2834001 0.331716 0.6940225 0.6923904 0.622117 0.5175888 0.5531919 0.5786778 0.5359342 0.7475763 0.686149 0.6058584 0.5972379 0.6887879 0.4294768 0.2601273 0.5426481 0.6054963 0.6404787 0.5008788 0.4909969 0.5578965 0.5626569 0.6027379 0.6762192 0.949276 1 0.4731389 0 0.03014981 0.1487333 0 0 0
0.1303543 0 0 0 0.01578543 0.004326344 0.3272575 0.5050023 0.8708403 0.4857699 0.3959112 0.4551777 0.3473652 0.4343167 0.2701422 0.5373837 0.5003077 0.5332025 0.3247778 0.5562356 0.6383171 0.6552387 0.5672743 0.2988034 0.2397566 0.6073227 0.4316938 0.5405372 0.515334 0.3121052 0.1188985 0.3613424 0.4620087 0.4495915 0.6479393 0.6344759 0.4916543 0.4931775 0.506093 0.6139764 0.4370066 0.6581348 0.6355031 0.4013807 0.6077675 0.6803687 0.7572621 0.5470308 0.5453578 0.6271629 0.5729777 0.5874976 0.6504641 0.5081815 0.3728213 0.5886489 0.4849472 0.5147762 0.7181411 0.5699366 0.6943448 0.6151171 0.5420007 0.4558402 0.4960438 0.7222652 0.6001322 0.004128882 0.4807155 0.3547175 0.1029767 0.04417404 0.05005306
0.1192139 0 0 0 0 0 0.1758029 0.7481077 0.7069908 0.3147664 0.4618682 0.3688614 0.2091559 0.3611428 0.506829 0.6032785 0.4168138 0.6036654 0.4613047 0.5865098 0.6173901 0.3415974 0.2833827 0.3617538 0.3970493 0.2547412 0.1983715 0.4650684 0.4209563 0.03388497 0 0.242391 0.630127 0.5746409 0.3988301 0.5436679 0.530324 0.4375188 0.6304193 0.6400492 0.5848528 0.5008867 0.5418409 0.3027585 0.2711331 0.7419626 0.7454296 0.5465778 0.4653735 0.6035435 0.5977902 0.7454889 0.6049448 0.6340163 0.5184677 0.4881954 0.3285506 0.5058095 0.6472275 0.7092509 0.595269 0.3993575 0.3237869 0.3381005 0.9899541 0.924538 0.6512584 0.3856744 0.495878 0.3573031 0.4643662 0.3033206 0.3124612
0 0.01295084 0.1444362 0.1914165 0.1982182 0.1865862 0.1239807 0.2344245 0.8421113 0.7183002 0.5283187 0.4473976 0.3124496 0.7485284 0.270605 0.5113354 0.6505672 0.4895192 0.3655593 0.1980257 0.1864169 0.3812732 0.2998504 0.4747286 0.2693319 0.06246579 0.5028211 0.6186625 0.221417 0.124063 0.3436324 0.3302967 0.3661498 0.4282078 0.7140599 0.5205562 0.4002602 0.4515177 0.349304 0.6021467 0.3704835 0.2628345 0.3287711 0.308731 0.4057242 0.4226394 0.5236752 0.39755 0.5277771 0.3594623 0.5796106 0.4374214 0.488192 0.3924446 0.4442635 0.3153445 0.4342237 0.4725375 0.4752147 0.3929154 0.4296449 0.4915349 0.8026481 0.6048712 0.8900432 0.8857839 0.9225853 0.7729982 0.4495004 0.4246069 0.6489658 0.4863218 0.3966196
0.01123282 0.1222915 0.04240725 0 0 0 0.0107289 0.2055606 0.9009378 0.9384561 0.5025766 0.6431933 0.4621028 0.6152853 0.7547012 0.4820115 0.4940392 0.6787583 0.449286 0 0.1340108 0.4157208 0.6367663 0.4422511 0.1538586 0.4501948 0.6706745 0.2734902 0.3257791 0.8891543 0.7326812 0.3352857 0.3764201 0.5876089 0.9845404 0.5382446 0.2791506 0.07082196 0 0.2936783 0.4100041 0.3244096 0.4828953 0.3956062 0.2187791 0.01123339 0.338799 0.6202468 0.6090041 0.5002421 0.692314 0.5467085 0.3481507 0.4972073 0.5016585 0.5336794 0.5834673 0.5082879 0.5934311 0.3909429 0.1196433 0.4838353 0.5078219 0.6240886 0.8913262 0.9455321 0.9950632 0.9946079 0.9346717 1 0.9117996 0.9679762 0.606719
0 0 0 0 0 0 0.01258813 0.00373821 0.8694869 0.9816933 0.4867638 0.6037586 0.619847 0.5141593 0.4518143 0.2751498 0.4621387 0.5273101 0.7218546 0.3607821 0.4738365 0.2190967 0.8347384 0.2726132 0 0.1229689 0.291291 0.7052851 0.8286126 0.3762946 0.4235335 0.451515 0.6388658 0.639493 0.4679389 0.8641251 0.8653944 0.2491779 0.3567269 0.3580647 0.2980022 0.3695214 0.6584116 0.5352892 0.6341471 0.6565664 0.261655 0.4768256 0.37453 0.4565777 0.2824471 0.2325391 0.3905668 0.4473045 0.5785294 0.6100225 0.630626 0.5836339 0.3559824 0.08791449 0.117508 0.9652582 0.8921311 0.5534856 0.4440889 0.7894068 0.9857453 0.9906853 0.9901573 1 0.920641 0.9479186 0.05760441
0 0 0 0 0 0 0 0 0.2841029 0.3909754 0.2118743 0.5032169 0.3645433 0.3643426 0.6895919 0.5931478 0.460717 0.1189818 0.3553379 0.4248162 0.3009076 0.287644 0.09361164 0.2695906 0.1918882 0.3582356 0.5670137 0.6028649 0.5526496 0.6057559 0.5116734 0.5821031 0.5946501 0.8956116 0.4581819 0.1935187 0.4502146 0.3576447 0.4029992 0.4940879 0.2634616 0.5064274 0.5806792 0.4304239 0.4991001 0.6724879 0.7880259 0.7458813 0.7925659 0.5819368 0.5609016 0.3942001 0.3563453 0.5694137 0.60311 0.6116781 0.5853424 0.541939 0.4190314 0.01090888 0.526525 0.9563618 0.5713658 0.8913693 0.7731313 0.9483221 0.809211 0.7952853 1 0.6380414 0.7611437 0.5256136 0
0 0.002453795 0 0 0 0 0 0 0.05690139 0.2203749 0.3046042 0.4860485 0.6944662 0.6616143 0.5515268 0.2213128 0.4371204 0.6038604 0.5600058 0.5337775 0.5024872 0.4826258 0.3875809 0.08216944 0.613871 0.2341094 0.5923508 0.7319591 0.6914286 0.4870022 0.6743537 0.9362405 0.8095514 0.7884195 0.697194 0.4296088 0.5929112 0.7477935 0.831828 0.7453659 0.4050725 0.4433774 0.6711017 0.5778942 0.6419751 0.1918538 0.9420733 1 1 0.9521262 0.7218566 0.7261684 0.7014593 0.4299583 0.1801743 0.2895297 0.4329229 0.6168201 0.4506654 0.7771671 0.8599497 0.8910915 0.7180567 0.9178035 0.6883391 0.8464763 1 1 1 0.9886295 0.9259833 0.8312833 0.1005111
0.09326947 0.1881042 0.117055 0 0 0.09281038 0.2121108 0.3817675 0.3852414 0.4148738 0.2693697 0.5222586 0.5598634 0.5187628 0.232896 0.04354345 0.9414797 0.7859562 0.5618958 0.6883748 0.5567516 0.8048322 0.6001204 0.420756 0.6541616 0.7234911 0.6316175 0.7181622 0.7592754 0.6094044 0.6581209 1 0.7083431 0.5522965 0.6159688 0.4469697 0.4615512 0.5367552 0.5262532 0.5197997 0.3254601 0.6313237 0.6773474 0.6453792 0.57867 0.4977727 0.984685 0.9385635 0.9820542 0.532699 0.6869938 1 0.9968901 0.5289196 0.01066743 0.2073587 0.0240099 0.6246378 0.5200445 0.3880656 0.3976805 0.9058314 0.7513605 0.6910257 0.5831745 0.5942125 0.9707004 1 1 0.984008 0.7260188 0.06111826 0.1527444
0.006439444 5.853714e-08 0.2244953 0.3003255 0.329674 0.3380797 0.3657219 0.3664409 0.4603181 0.5835541 0.4380168 0.4324345 0.2185383 0.2718677 0.2913682 0.5765479 0.9661701 0.5967308 0.5026229 0.5816185 0.6627399 0.7154006 0.5718549 0.6575978 0.9314017 0.632224 0.6502247 0.5738031 0.7096896 0.7627677 0.9940411 0.9996368 0.9742156 0.8756294 0.9676312 0.4746446 0.4761264 0.4604903 0.4983863 0.4399295 0.46827 0.6846407 0.7198804 0.5921489 0.6383036 0.9276467 0.9760485 0.9854251 0.9957064 1 1 1 1 0.5891806 0.07019497 0.2023783 0.0404396 0.2165322 0.6522021 0.6362229 0.6109421 0.6730253 0.601604 0.4827513 0.4073338 0.4924984 0.7169547 0.9435715 0.9704638 0.7703605 0.1340476 0.08092224 0.09203919
0 0.02157721 0.2344717 0.4532743 0.3775246 0.3289418 0.3834109 0.2698533 0.4992984 0.6095567 0.4021015 0.2648351 0.5083097 0.3969484 0.2173049 0.9018418 0.8356227 0.4380821 0.5921199 0.8642545 0.721754 0.4347425 0.8424581 0.8540761 0.7999084 0.6649209 0.7210081 0.635895 0.5393524 0.6500099 0.9304908 0.990838 0.9893585 1 1 0.5949957 0.4838823 0.5049332 0.5141534 0.4999787 0.4797568 0.7657678 0.7812232 0.9169511 0.9184238 0.9996289 0.97501 0.9726263 0.9533195 0.9925082 1 0.9601501 0.8444992 0.9701744 0.9971392 0.9496598 0.9780704 0.9345006 0.6839314 0.9051189 0.523454 0.46103 0.5858606 0.5404636 0.628289 0.5421702 0.6272484 0.8512908 0.8252468 0.2315845 0.04109071 0.13156 0.2710077
0.001006276 0.01263982 0.164873 0.7267553 0.4750493 0.5650967 0.3395793 0.2882569 0.3270297 0.7100049 0.4218226 0.4120411 0.2724602 0.2808198 0.2834332 0.5064991 0.8298158 0.7132779 0.6516784 0.6172121 0.7070342 0.7323599 0.9637607 0.7851222 0.4414404 0.6935657 0.6855786 0.6389694 0.4904281 0.9489488 1 0.9520326 0.8836202 0.7418004 0.6420015 0.502631 0.7342557 0.7587864 0.6637072 0.484167 0.8199922 0.9655554 0.973378 0.8627384 0.9387415 0.9912235 0.9769097 1 1 0.9809942 0.9733779 0.6370863 0.1400527 0.5142543 0.4555925 0.4239529 0.4007477 0.3274681 0.5411987 0.3528084 0.3841119 0.5361133 0.4505861 0.4666555 0.4622795 0.3529554 0.8424762 1 1 0.828333 0.2911474 0.3478335 0.0581859
0.01754026 0 0 0.4674288 0.8790516 0.8544452 0.7644233 0.5208459 0.4434541 0.2083908 0.2996611 0.3060855 0.4892645 0.3733262 0.7502677 0.9700584 1 0.9212515 0.6938742 0.4896064 0.9974024 0.9137408 0.9818591 0.7467933 0.4656086 0.6153059 0.6869429 0.6646529 0.7796491 1 0.9789992 0.7347177 0.6487573 0.4281934 0.3288041 0.4803226 0.7951045 0.5884413 0.9237579 0.489087 0.6258338 0.5471478 0.6110301 0.7621434 0.9069769 0.8791647 0.881155 0.8750665 0.9369254 1 1 0.2605496 0 0 0 0 0 0 0.5257509 0.5364106 0.4070722 0.586672 0.3095169 0.4537886 0.330425 0.902356 0.9681018 1 0.9822346 0.8062607 0.1971066 0.4211817 0.1551821
0 0 0 0 0.1136264 0.368354 0.5011122 0.3469136 0.08862995 0 0.2272425 0.4053926 0.4677054 1 1 1 1 1 0.7060119 0.6754536 0.8527352 0.9481369 0.9936997 0.9845296 0.7003955 0.7126032 0.6756988 0.5449646 0.6851928 0.7667193 0.5479859 0.3575104 0.3704286 0.3451234 0.4037709 0.6819108 0.6988555 0.6595468 0.9516023 0.4468734 0.6330013 0.6722003 0.6976571 0.9835364 1 1 1 1 0.944787 0.8806738 0.8857473 0.2543386 8.606423e-05 0 0 0 0 0.02215841 0.3358135 0.6380531 0.6021929 0.6194824 0.5782401 0.6404934 0.7080067 0.8900126 1 1 0.7496321 0.9504983 0.3141073 0.5820426 0.4788644
0 0 0 0 0 0.01413643 0.07446481 0.1775756 0.3351603 0.007443881 0.02517943 0.2948366 0.2108766 0.8459118 0.5736315 0.9132321 1 1 0.750248 0.83698 0.7577831 0.9473588 0.7510906 0.8279502 0.7560648 0.7667729 0.4885815 0.507942 0.2997513 0.3659831 0.113786 0.7301161 0.615814 0.5746757 0.6526023 0.7581812 0.7323615 0.6955729 0.9439411 0.52758 0.6788454 0.7098606 0.8167189 0.9988205 1 1 1 1 0.98374 0.9805384 0.9637341 0.985153 0.531987 0.0324849 0.1159995 0.004400074 0.09444365 0.1324439 0.5808393 0.5687593 0.6461887 0.6100806 0.7175611 0.6736578 0.9480593 0.5250248 0.5157036 0.8645966 0.544614 0.5702069 0.7051075 0.6631464 0.6471242
0 0 0 0 0.1152542 0.06175867 0.3376779 0.337546 0.1170003 0.2933976 0.3583429 0.633116 0.4859848 0.3965468 0.692672 0.697231 1 0.8999194 0.646485 0.9066551 0.9462328 0.7721126 0.553672 0.9777871 1 0.8201196 0.1302243 0.1253676 0.4636857 0.4772582 0.1764625 0.6924469 0.8155769 0.7694167 0.7266927 0.7505453 0.7101281 0.7545039 0.9260574 0.6022499 0.5559814 0.8829121 0.987029 1 1 1 1 1 1 0.9889752 0.9998803 1 0.9878648 0.5850446 0.09053946 0.4208794 0.6654893 0.5963902 0.6022033 0.6156999 0.7390588 0.3415925 0.7160513 0.8648217 0.3213568 0.4691944 0.5202953 0.4690917 0.6187837 0.5355012 0.6016076 0.5754927 0.5781002
0 0 0 0.1838598 0.4389313 0.5103211 0.6492288 0.6119023 0.6092641 0.2483848 0.1680155 0.298645 0.2654866 0.2493255 0.5442761 0.5002582 0.8414544 0.5987492 0.6107939 0.8025513 0.9801685 0.7149508 0.6714818 1 0.8075941 0.1212386 0.05528587 0.04533295 0.006962806 0.7759118 0.3756275 0.5514279 0.6687488 0.8666339 0.6249793 0.5694273 0.6546478 0.7165579 0.7182084 0.6280501 0.779057 1 1 0.9952986 0.9409199 0.978237 0.9778545 0.9777827 0.975103 1 1 0.8635141 0.6038869 0.9750026 0.08351734 0.04305237 0.2218471 0.4286482 0.6485885 0.6005595 0.5129926 0.2357449 0.6102815 0.7149819 0.6779771 0.6603428 0.7332006 0.5745649 0.6734091 0.5805316 0.5701947 0.3867 0.5260423
0.004692545 0 0.08170987 0.8789234 0.8139326 0.8304318 0.7834012 0.610191 0.8388274 0.6210682 0.3627506 0.09305047 0.6034411 0.3832363 0.6289161 0.9087543 0.6407562 0.6862615 0.7455103 0.7844135 0.8925737 0.9684772 0.7582288 0.597285 0.5021791 0.1219471 0.2371932 0.7506501 0.4863554 0.5535052 0.650642 0.6707341 0.6367968 0.93008 0.5697981 0.4387069 0.7379399 0.8003318 0.6523659 0.6080842 0.7128755 0.9235965 0.7169166 0.9803928 0.9594277 0.9906481 1 1 0.9906266 0.980742 0.9826894 0.3281864 0.006607408 0.1779424 0 0.01252549 0.133915 0.119138 0.9297414 0.9331916 0.5677564 0.5581514 0.5801904 0.6392753 0.5610352 0.5701498 0.7343097 0.6881211 0.5474005 0.6325897 0.4565655 0.7723073 0.557453
0.04569127 0.1853971 0.8875867 0.9869943 0.9930066 0.9311666 0.9894866 0.7878997 0.5978259 0.6050965 0.6285881 0.278873 0.5120583 0.8274432 0.6523098 0.6839364 0.5903528 0.655234 0.6824472 0.6842677 0.7811208 0.7060774 0.5896583 0.1738864 0.05469793 0.5458927 0.3685791 0.5667579 0.844851 0.7461946 0.6510059 0.630073 0.4930996 0.4257008 0.2990174 0.3071928 0.5759211 0.6683828 0.6701016 0.6612256 0.4365877 0.6166064 0.6235136 0.6769005 0.7252111 0.9274031 1 1 1 1 1 0.03511172 0 0.223339 0.0262926 0 0 0.01349739 0.1748128 0.4839563 0.5543422 0.6961203 0.6134404 0.4665085 0.2300231 0.7349391 0.7033617 0.7422618 0.2197773 0.1627167 0.5061056 0.5016213 0.5817217
0 0.5777703 1 0.9966487 1 1 1 0.992464 0.694485 0.6129711 0.7645033 0.7353711 0.2550642 0.6941029 0.7375913 0.7136261 0.7814741 0.7757879 0.7311676 0.8063089 0.5454293 0.5962289 0.4223489 0.3947358 0.3468698 0.9350063 0.8094102 0.7993904 0.6813403 0.7713307 0.7046853 0.6779042 0.5692942 0.4340147 0.486502 0.5293859 0.4821961 0.599111 0.7148106 0.7496827 0.3242631 0.6716388 0.6712196 0.676156 0.6097509 0.723702 0.9961985 1 1 1 0.998324 0.05588491 0 0 0.4035949 0.2192679 0.5025046 0.2173001 0.3547561 0.04765044 0.6810722 0.6923316 0.6073295 0.4209136 0.4979741 0.803875 0.6696736 0.7261168 0.1948818 0.09553518 0.5211474 0.4889758 0.5063108
0 0.08998326 0.953486 1 1 1 0.9794404 0.9320035 0.627122 0.6136924 0.5811892 0.5955231 0.4971641 0.4195303 0.5925382 0.8346071 0.7420259 0.7178156 0.4732917 0.9243389 0.7616774 0.6997021 0.7396263 0.7237715 0.7529403 0.6887635 0.6057686 0.6288049 0.810755 0.7772874 0.7439598 0.7607815 0.7213763 0.6691266 0.4754458 0.5496767 0.4504672 0.6765481 0.969471 0.9635494 0.6008373 0.5627949 0.5736781 0.5085801 0.5883722 0.5952304 0.8631374 1 0.9193639 0.5115241 0.3219458 0.007931698 0 0.07101446 0.7463896 0.7783018 0.6655089 0.6015618 0.5825254 0.3216112 0.9408714 0.6713039 0.6062953 0.5945925 0.4296462 0.5601583 0.6733612 0.7910997 0.7150348 0.5708496 0.4904301 0.478363 0.3540717
0 0 0.4512482 0.9966971 0.8734492 0.379816 0.3576088 0.6743991 0.6091235 0.5853477 0.7264306 0.7945251 0.2261306 0.2761565 0.9778119 0.7216895 0.6399705 0.766317 0.5177535 0.7010947 0.7255468 0.8135219 0.7561502 0.6630884 0.6206956 0.713398 0.648912 0.8345168 0.6804861 0.5798562 0.7767061 0.5752268 0.6765566 0.6620646 0.5567247 0.402324 0.6057237 0.7591612 0.7019959 0.685739 0.6811351 0.5417036 0.2953867 0.4090731 0.4467906 0.5752289 0.5701718 0.8761563 0.2475692 0 0.02673544 0.1842538 0.5746657 0.9040363 0.8361613 0.5952369 0.5680199 0.571985 0.4508881 0.4844449 0.710988 0.6399992 0.7541346 0.7202229 0.5791773 0.5897785 0.6787897 0.7731441 0.667387 0.5601592 0.5423155 0.4637708 0.1804654
7.950917e-05 0.2252631 0.5992309 0.7220665 0.1648511 0 0.323927 0.5914327 0.5552806 0.5605583 0.4828416 0.09818091 0 0.003791325 0.3037032 0.6324539 0.5763911 0.744581 0.6804349 0.8160403 0.7805682 0.6970131 0.7251293 0.5000446 0.7663252 0.818134 0.9594599 0.7443226 0.1342755 0.1870821 0.511912 0.4523233 0.5278834 0.4891693 0.5716118 0.5957559 0.5760698 0.6667061 0.6508443 0.6430979 0.6249642 0.5607138 0.01473561 0.3132622 0.5007066 0.6414074 0.8493318 0.7170367 0.1291956 0.5456069 0.969445 0.9715196 0.7050981 0.8714556 0.6677175 0.5144777 0.6735752 0.5544866 0.3782775 0.5226708 0.5605168 0.6489319 0.5536312 0.45579 0.3214536 0.5160787 0.5907767 0.7341289 0.5990674 0.04325818 0.4091007 0.4946598 0.4821567
0.4823405 0.7447917 0.6933925 0.6834258 0.6234025 0.1734762 0.4052562 0.6965475 0.76978 0.1932305 0.02809851 0 0 0 0.0007722519 0.3790989 0.7152766 0.7027529 0.7651591 0.6917961 0.6573259 0.6879826 0.6702816 0.6278124 0.8514931 0.9862813 0.8968081 0.2985398 0.08782359 0.2664982 0.8133349 0.5518764 0.5704586 0.4975514 0.4885395 0.4486025 0.6297492 0.6572477 0.6922449 0.6025729 0.6264005 0.6624179 0.3398428 0.1436358 0.6075184 0.8765615 0.7580792 0.6615041 0.4709809 0.04356559 0.709978 0.9495958 0.766371 0.3556779 0.7367429 0.8377843 0.7343711 0.7129019 0.6439717 0.5512183 0.361686 0.624709 0.3513485 0.1126666 0.3718973 0.6038896 0.7470813 0.7674561 0.61023 0.2988522 0.3377064 0.4365263 0.4941677
0.4555388 0.5882933 0.6858108 0.6659299 0.658322 0.6045085 0.5600691 0.3479328 0.06513619 0 0 0 0 0 0 0.1438261 0.3953505 0.7437494 0.6788122 0.5297403 0.6113832 0.6403829 0.5850381 0.510891 0.5529616 0.8354335 0.653852 0.9333578 0.9031034 0.7734218 0.5713961 0.2724756 0.5133703 0.5459493 0.3396397 0.3551538 0.6049207 0.6223007 0.6934195 0.6676387 0.7056928 0.7713294 0.6024768 0.5023134 0.7066497 0.7521825 0.7125577 0.6746753 0.7747362 0.1548109 0.1170661 0.6324714 0.3938547 0.01592444 0.2080551 0.7846143 0.6225635 0.6406689 0.6108174 0.5004778 0.5545639 0.5813353 0.4841227 0.3539954 0.8447306 0.9695613 0.9021553 0.6514197 0.6977739 0.4194065 0.3719485 0.2170228 0.06434407
0.6560671 0.6936983 0.7031693 0.51776 0.585369 0.3830303 0.006171274 0 0 0 0 0 0 0.3278858 0.8065327 0.9296161 0.3523316 0.1462886 0.3093175 0.2925287 0.4348336 0.3229855 0.5412166 0.2527161 0.3404149 0.9154322 0.8100796 0.6948786 0.5281001 0.2918565 0.1658683 0.04677457 0.2465627 0.4048324 0.4650276 0.646376 0.744795 0.4687124 0.6244009 0.6272328 0.6343099 0.6792929 0.6205069 0.7246349 0.7393747 0.6255012 0.5123301 0.4693761 0.5096663 0.04808102 0 0 0.02440627 0.2605335 0.2033464 0.6000334 0.5411711 0.6013413 0.5706041 0.5371183 0.5182735 0.6628595 0.4871246 0.4055416 0.5510636 0.9624391 0.8024853 0.5634869 0.6431057 0.3916529 0.1432166 0.05698651 0
0.5000528 0.6661677 0.585573 0.3510026 0.7571619 0.5056964 0 0 0 0 0 0 0.01554887 0.4715551 0.9709404 0.5384998 0.1440345 0.08885223 0.1882586 0.08033056 0.04456353 0.06103615 0.1011714 0.0001210685 0.006799134 0.004881574 0.001668997 0 0 0 0 0 0 0 0 0 0.07475293 0.1201603 0.192676 0.3863291 0.5843208 0.7078373 0.6366659 0.7245764 0.7245988 0.7343522 0.4008731 0.06886791 0.01391454 0 0 0.1067628 0.2427743 0.1395682 0 0 0 0 0.03702755 0.06862175 0.4765249 0.6436896 0.4798346 0.43888 0.5487752 0.7580972 0.5372138 0.6591289 0.4346112 0.1230566 0 0 0
0.4958344 0.3646712 0.3408231 0.2926855 0.3938768 0.6289011 0.0003359459 0 0 0 0 0 0.009236145 0.08047926 0.8907697 0.4551937 0.6026267 0.7117159 1 1 1 0.5520256 0 0 0 0 0 0 0 0 0 0 0 0 0 0 0 0.2832602 0.6464658 0.5168682 0.147602 0.1040444 0.2152061 0.2157069 0.5493614 0.1165822 0.4621086 0.03992511 0 0 0 0 0 0 0 0 0 0.02747102 0 0 0.2396443 0.64623 0.6510231 0.7114468 0.7821814 0.7289706 0.6726149 0.5371826 0.005659003 0 0 0 0
0.01140412 0.06229596 0.1473801 0 0.001017852 0 0 0 0 0 0 0.08664302 0.6128981 0.9574025 0.388896 0.839733 0.8933924 0.9240746 0.8173615 1 0.9994923 0.7223154 0 0 0 0 0 0 0 0 0 0.03521572 0.3119242 0.157155 4.254408e-05 0 0 0.4625793 1 0.9907779 0.4187718 0.01148693 0.1079449 0.06705833 0.03352465 0.00200967 0.2527133 0.01252684 0 0 0 0 0 0 0 0 0.001539716 0.03376989 0 0 0.2125276 0.6599757 0.6595259 0.9128308 0.7705664 0.6318254 0.6143004 0.01976271 0 0 0.009577918 0 0
